Episode #,Training Iter,In Heatup,ER #Transitions,ER #Episodes,Episode Length,Total steps,Epsilon,Shaped Training Reward,Training Reward,Update Target Network,Evaluation Reward,Shaped Evaluation Reward,Success Rate,Loss/Mean,Loss/Stdev,Loss/Max,Loss/Min,Learning Rate/Mean,Learning Rate/Stdev,Learning Rate/Max,Learning Rate/Min,Grads (unclipped)/Mean,Grads (unclipped)/Stdev,Grads (unclipped)/Max,Grads (unclipped)/Min,Q/Mean,Q/Stdev,Q/Max,Q/Min
1,0.0,1.0,189.0,189.0,189.0,189.0,0.0,,,0.0,,,,,,,,,,,,,,,,,,,
2,0.0,1.0,313.0,313.0,124.0,313.0,0.0,,,0.0,,,,,,,,,,,,,,,,,,,
3,0.0,1.0,497.0,497.0,184.0,497.0,0.0,,,0.0,,,,,,,,,,,,,,,,,,,
4,0.0,1.0,674.0,674.0,177.0,674.0,0.0,,,0.0,,,,,,,,,,,,,,,,,,,
5,0.0,1.0,810.0,810.0,136.0,810.0,0.0,,,0.0,,,,,,,,,,,,,,,,,,,
6,0.0,1.0,1160.0,1160.0,350.0,1160.0,0.0,,,0.0,,,,,,,,,,,,,,,,,,,
7,48.0,0.0,1351.0,1351.0,191.0,1351.0,0.0,1.0,5.0,0.0,,,,0.007032378495447726,0.010893304233905462,0.04867616668343544,0.00015837202954571694,0.00025,0.0,0.00025,0.00025,0.0063285655,0.0050752903,0.021220488,0.0020712335,,,,
8,142.0,0.0,1727.0,1727.0,376.0,1727.0,0.0,6.0,105.0,0.0,,,,0.008287440892014816,0.012681632678958771,0.06330529600381851,8.770257409196347e-05,0.0002500000000000001,5.421010862427521e-20,0.00025,0.00025,0.0056298147,0.005659196,0.025709895,0.0012037642999999998,,,,
9,168.0,0.0,1832.0,1832.0,105.0,1832.0,0.0,0.0,0.0,0.0,,,,0.006026793048546936,0.00952152864054244,0.0306609570980072,0.00012540743045974523,0.00025,0.0,0.00025,0.00025,0.00491039,0.0049435236,0.019865136999999998,0.0014792332999999998,,,,
10,243.0,0.0,2131.0,2131.0,299.0,2131.0,0.007930698804557323,6.0,105.0,0.0,,,,0.005854366204778974,0.009747739124660069,0.045531488955020905,0.00018481716688256708,0.0002500000000000001,5.421010862427521e-20,0.00025,0.00025,0.0050329254,0.004132889,0.022307469,0.0018848765,0.022265159,0.0071170632999999995,0.029855506,0.0113225505
11,345.0,0.0,2540.0,2540.0,409.0,2540.0,0.007930698804557323,5.0,75.0,0.0,,,,0.007157498834239245,0.011046943178670944,0.04571089148521423,0.00018675232422538102,0.0002500000000000001,5.421010862427521e-20,0.00025,0.00025,0.005692199300000001,0.005054983,0.021573152,0.0018489710999999999,,,,
12,367.0,0.0,2628.0,2628.0,88.0,2628.0,0.007930698804557323,1.0,30.0,0.0,,,,0.0043377042999385275,0.008082833338845217,0.030958158895373344,0.0002206442732131109,0.0002500000000000001,5.421010862427521e-20,0.00025,0.00025,0.0044458676,0.0031049782,0.013565227,0.0022725395000000002,,,,
13,411.0,0.0,2802.0,2802.0,174.0,2802.0,0.007930698804557323,3.0,20.0,0.0,,,,0.007053301928615177,0.008726791165464806,0.030171141028404236,0.00019456550944596532,0.00025,0.0,0.00025,0.00025,0.0055703945,0.0036716221000000003,0.013174193999999998,0.0020942907,,,,
14,441.0,0.0,2923.0,2923.0,121.0,2923.0,0.007930698804557323,2.0,45.0,0.0,,,,0.007273766900470945,0.009320096939124587,0.03066226653754711,0.00020127226889599117,0.0002500000000000001,5.421010862427521e-20,0.00025,0.00025,0.0058103222,0.003978354,0.014173533,0.0022863329999999998,,,,
15,466.0,0.0,3022.0,3022.0,99.0,3022.0,0.007930698804557323,0.0,0.0,0.0,,,,0.008116685937857256,0.009777947008398563,0.031032681465148926,0.00014853219909127802,0.00025,0.0,0.00025,0.00025,0.0056152786,0.004405691,0.01439687,0.0015337504,,,,
16,513.0,0.0,3211.0,3211.0,189.0,3211.0,0.007930698804557323,5.0,45.0,0.0,,,,0.009206449948598016,0.011108970408821271,0.0307683777064085,0.0001637630193727091,0.0002500000000000001,5.421010862427521e-20,0.00025,0.00025,0.006301043,0.00520426,0.020403508,0.0015630854,,,,
17,530.0,0.0,3280.0,3280.0,69.0,3280.0,0.007930698804557323,2.0,15.0,0.0,,,,0.0037915931632810772,0.006398014786225982,0.015607254579663275,0.00021836250380147249,0.00025,0.0,0.00025,0.00025,0.0042367987,0.0032280666999999997,0.010298772,0.0020677322,,,,
18,553.0,0.0,3372.0,3372.0,92.0,3372.0,0.007930698804557323,2.0,35.0,0.0,,,,0.005438562395916644,0.01040042460103538,0.04460994154214859,0.00018431790522299707,0.0002500000000000001,5.421010862427521e-20,0.00025,0.00025,0.004429037,0.004048261,0.016716102,0.0018764462,,,,
19,602.0,0.0,3568.0,3568.0,196.0,3568.0,0.008715607225894928,2.0,35.0,0.0,,,,0.008199319424587587,0.010148134378691323,0.030830530449748036,0.00015786198491696268,0.00025,0.0,0.00025,0.00025,0.005791525400000001,0.004462578300000001,0.014281428,0.0016649056,0.024428112000000002,0.0068491459999999995,0.04076378,0.011668615
20,674.0,0.0,3857.0,3857.0,289.0,3857.0,0.007592862006276845,6.0,85.0,0.0,,,,0.006043345692483449,0.0092276685284486,0.045342076569795615,0.00015126045036595315,0.00025,0.0,0.00025,0.00025,0.005134016,0.004398307299999999,0.019614106,0.0016953258,0.017640086,0.0036695206,0.022469997000000002,0.012934696
21,753.0,0.0,4171.0,4171.0,314.0,4171.0,0.00855272077023983,3.0,60.0,0.0,,,,0.00733586680162728,0.010139407223260394,0.04505313560366631,0.00014634149556513876,0.0002500000000000001,5.421010862427521e-20,0.00025,0.00025,0.0055356673,0.004403600000000001,0.020300938,0.00172602,0.019560508,0.0046745664,0.027176928,0.013804674
22,805.0,0.0,4381.0,4381.0,210.0,4381.0,0.00855272077023983,8.0,100.0,0.0,,,,0.006304514503706462,0.00945466919695139,0.030684122815728188,0.0001842077617766336,0.00025,0.0,0.00025,0.00025,0.005229997,0.004298379000000001,0.01914454,0.0018493383,,,,
23,828.0,0.0,4471.0,4471.0,90.0,4471.0,0.00855272077023983,1.0,25.0,0.0,,,,0.009077515846001916,0.008670101203007484,0.030390722677111626,0.00017546994786243886,0.0002500000000000001,5.421010862427521e-20,0.00025,0.00025,0.0065039876,0.003908936,0.013919909,0.0020881414,,,,
24,863.0,0.0,4612.0,4612.0,141.0,4612.0,0.00855272077023983,1.0,30.0,0.0,,,,0.007944395104589472,0.010333288911501691,0.04454382881522178,0.00017832049343269318,0.00025,0.0,0.00025,0.00025,0.00603253,0.0046603185999999994,0.02227494,0.0018745561,,,,
25,959.0,0.0,4997.0,4997.0,385.0,4997.0,0.009321892634034157,6.0,85.0,0.0,,,,0.007261304641209181,0.01013253100531427,0.04487529024481773,0.00018903402087744323,0.0002500000000000001,5.421010862427521e-20,0.00025,0.00025,0.00571154,0.004535067,0.020861274,0.0020201646,0.027865311,0.0052140965,0.036196984,0.019998632
26,999.0,0.0,5155.0,5155.0,158.0,5155.0,0.007975165732204914,2.0,35.0,0.0,,,,0.006405957028245889,0.01004086340563792,0.030680393800139424,0.00019171582243870944,0.0002500000000000001,5.421010862427521e-20,0.00025,0.00025,0.0053061703,0.0044873757,0.020076282,0.0020219055,0.021739954,0.003950406,0.028846916,0.017364308000000002
27,1048.0,0.0,5353.0,5353.0,198.0,5353.0,0.008101232349872589,3.0,60.0,0.0,,,,0.006081703400514944,0.0100296209421872,0.04500417411327362,0.0001806349755497649,0.00025,0.0,0.00025,0.00025,0.004825248,0.004068795,0.015911596,0.0018103359,0.017607963,0.0041032247,0.026421798,0.008999293
28,1121.0,0.0,5645.0,5645.0,292.0,5645.0,0.010005752556025982,0.0,0.0,0.0,,,,0.00817090795579942,0.010932157744410607,0.045513276010751724,0.00015479973808396608,0.00025,0.0,0.00025,0.00025,0.0058483686,0.0046616190000000005,0.02249375,0.0016316885999999998,0.029634006,0.005907717,0.04188792,0.018482562
29,1175.0,0.0,5858.0,5858.0,213.0,5858.0,0.010005752556025982,0.0,0.0,0.0,,,,0.007895457999009797,0.01181248190776704,0.04516782984137535,0.00019418835290707648,0.00025,0.0,0.00025,0.00025,0.006132569599999999,0.005177281,0.021957034,0.0020766146,,,,
30,1189.0,0.0,5915.0,5915.0,57.0,5915.0,0.010005752556025982,2.0,15.0,0.0,,,,0.004550566292891745,0.0067182475761170726,0.015424269251525404,0.00024321438104379922,0.0002500000000000001,1.0842021724855042e-19,0.00025,0.00025,0.0048162084999999995,0.0030388973999999997,0.010587243999999999,0.0023677303,,,,
